768 500
635 303 166 172 53
561 164 17 58 149
444 201 83 68 66
613 46 86 17 253
280 47 5 146 167
423 340 224 69 106
62 620 107 243 143
78 692 100 12 12
44 58 236 48 139
218 76 100 233 94
755 16 99 238 47
182 169 108 12 0
148 182 114 134 195
188 523 84 22 210
627 189 85 158 67
421 219 82 153 145
102 504 49 105 48
637 179 163 54 2
353 493 83 74 49
441 1 42 249 78
196 325 33 12 230
233 161 169 36 215
239 323 163 178 116
314 507 113 215 51
257 200 212 184 65
535 507 82 4 215
105 512 19 234 64
745 677 198 40 86
419 2 48 71 148
206 726 123 118 182
89 196 63 187 117
187 181 20 241 2
131 20 64 203 32
486 188 23 196 175
394 386 146 86 221
581 378 104 7 112
698 425 193 152 161
354 589 212 253 90
61 302 33 152 207
701 385 67 127 115
85 170 21 139 144
92 680 163 81 62
138 205 178 1 136
637 554 12 104 102
687 88 61 140 233
190 347 219 19 23
679 515 216 21 53
677 332 5 240 80
599 557 121 98 104
458 437 21 134 23
61 67 54 188 78
372 449 150 16 202
332 91 141 18 152
604 408 25 80 57
325 202 195 133 8
558 320 122 222 66
39 477 103 86 235
715 526 64 144 220
563 262 1 229 96
385 54 194 201 94
434 438 58 0 164
567 357 101 66 39
761 435 26 199 12
504 272 105 238 60
443 99 199 198 29
240 84 129 221 225
733 740 34 212 65
36 16 41 44 84
722 357 70 198 205
338 398 248 71 234
51 420 209 112 68
410 687 160 243 234
409 682 145 6 52
569 534 118 167 233
40 687 143 164 117
713 657 166 212 199
731 95 104 100 58
77 671 40 61 40
432 149 234 209 85
427 534 101 202 215
106 73 246 141 242
260 67 178 191 44
207 718 191 114 86
94 16 88 151 143
9 576 115 225 212
699 122 121 67 242
365 64 147 116 238
754 728 105 31 216
693 553 218 216 195
323 627 63 71 227
632 537 13 208 30
47 183 104 29 62
50 416 31 136 247
681 371 232 123 174
14 13 79 183 215
623 147 217 53 34
380 413 249 48 151
15 2 91 59 35
92 325 203 10 177
236 550 74 112 254
287 400 62 191 218
570 31 29 133 32
517 252 39 244 244
709 99 248 9 198
162 280 96 41 229
65 735 109 86 92
658 250 231 123 83
172 383 5 62 154
692 409 130 48 214
442 419 187 94 6
302 38 128 176 59
273 645 251 78 75
523 402 242 161 226
507 199 182 71 236
305 537 128 222 64
490 180 78 60 218
583 470 101 87 46
593 742 142 185 132
542 593 50 161 143
544 554 218 65 116
365 62 139 114 147
402 142 3 243 51
728 470 192 112 2
620 41 74 62 119
318 316 90 209 208
297 696 96 248 227
171 320 120 118 11
556 577 71 75 11
711 393 154 3 36
496 273 209 0 188
173 46 56 75 20
162 642 52 48 217
573 593 49 47 111
741 661 154 170 64
194 294 134 102 143
596 72 193 240 209
574 336 203 52 50
60 564 165 112 19
463 137 208 151 241
276 246 79 48 22
403 30 215 214 79
615 183 189 174 211
342 133 217 36 249
687 333 250 187 232
312 596 90 254 5
151 449 30 96 19
11 377 103 189 59
288 454 100 245 113
249 119 237 234 241
386 432 40 128 135
65 691 62 148 164
514 87 115 189 88
628 538 143 95 67
618 694 236 102 124
667 170 100 1 167
333 178 148 226 0
292 633 7 46 113
105 626 186 225 12
500 404 119 128 78
18 755 189 172 145
320 136 61 174 117
575 612 166 45 121
176 108 1 216 111
368 454 139 254 250
621 363 191 233 195
31 287 61 208 112
98 664 181 74 30
586 677 222 162 230
646 161 105 71 75
396 491 114 171 72
26 156 23 108 240
654 441 95 108 150
743 115 243 42 63
649 378 91 48 198
278 246 93 196 37
679 142 20 247 0
578 179 73 141 75
132 40 191 228 196
743 438 188 164 100
61 689 124 42 27
232 580 167 19 85
578 306 216 204 60
760 23 91 128 146
156 527 216 102 83
566 614 60 184 61
437 344 111 58 154
622 264 106 41 117
416 684 248 163 159
426 631 140 160 179
452 67 80 55 79
434 581 81 60 143
330 47 178 213 14
290 716 84 161 14
599 194 194 51 148
276 275 128 7 93
510 652 164 55 124
732 714 107 244 80
711 265 189 71 82
193 559 204 23 186
39 217 50 209 66
44 6 204 3 35
301 83 208 101 251
247 412 182 216 222
34 144 99 6 181
227 742 86 139 108
230 285 195 43 141
331 473 200 85 229
463 664 249 130 247
174 130 1 210 9
458 62 212 187 7
222 393 221 89 144
362 167 146 191 205
744 43 1 214 72
559 313 81 43 127
562 441 46 128 122
558 258 144 40 245
89 562 165 228 163
192 232 21 89 203
367 216 187 174 10
248 401 31 232 112
379 428 68 89 170
215 762 188 180 93
75 135 143 193 153
387 16 214 177 27
37 275 115 13 215
209 725 73 159 169
563 192 91 178 39
29 333 252 62 87
550 95 106 114 48
212 210 166 38 240
356 36 191 184 43
252 571 53 50 16
638 10 82 234 106
246 676 226 183 134
712 65 127 74 54
335 389 3 122 168
237 636 230 20 51
580 215 46 91 207
291 678 110 156 226
102 225 246 8 85
705 85 15 164 238
473 55 205 171 114
470 210 13 54 19
627 7 134 80 115
486 527 213 37 207
79 711 9 138 54
197 751 176 148 61
428 405 147 239 82
174 534 144 145 16
317 308 166 13 117
84 429 44 159 18
297 436 139 178 25
458 425 217 24 25
222 425 23 135 56
707 542 125 243 178
87 63 211 27 151
514 427 111 70 252
209 80 48 11 181
179 240 122 85 206
492 45 20 224 51
233 86 81 79 126
751 36 254 178 141
632 271 67 5 214
232 626 41 36 224
406 758 68 165 81
604 550 73 169 216
635 635 139 234 111
294 66 24 173 178
629 244 33 154 216
326 308 114 170 234
681 126 112 28 163
113 245 46 140 241
180 382 80 26 44
646 50 150 167 187
35 64 180 243 96
500 31 84 75 250
749 401 175 209 222
169 198 85 108 104
137 740 100 93 41
760 749 164 48 15
637 669 35 232 244
166 644 52 0 186
382 466 160 217 244
80 188 160 191 116
9 231 163 105 147
399 27 226 177 237
178 72 225 76 25
690 181 254 152 250
363 503 167 233 11
597 254 255 70 219
311 656 202 221 227
492 134 101 87 125
672 668 81 203 124
710 722 241 163 145
321 69 133 50 33
599 91 170 186 105
200 504 41 144 68
738 203 245 88 216
455 191 34 122 53
496 469 202 157 36
640 613 7 255 85
137 54 73 188 43
40 368 200 219 63
766 319 181 42 198
134 704 85 74 239
562 318 45 143 58
609 650 113 209 199
227 687 242 170 128
559 587 88 227 18
607 141 193 87 71
226 128 211 222 95
68 565 15 174 0
20 341 242 140 124
58 390 41 56 164
167 325 151 203 106
473 5 195 100 72
584 661 237 7 248
314 495 116 177 161
298 716 1 7 92
755 418 35 68 1
710 596 236 131 72
673 265 231 248 221
765 722 184 220 254
367 576 151 64 56
175 99 21 37 39
557 92 245 178 73
693 189 179 63 200
406 275 154 233 110
327 94 70 149 26
514 46 101 163 152
69 606 155 168 40
130 124 30 21 13
539 403 29 196 81
602 295 246 202 167
765 88 228 170 157
30 128 217 97 37
450 63 196 164 62
365 29 187 38 123
567 352 168 220 138
169 721 147 22 36
232 349 128 46 227
475 646 242 64 121
243 679 32 39 176
587 498 46 217 56
431 480 53 246 13
341 625 147 94 8
478 636 187 122 74
309 565 84 243 60
577 753 217 72 198
278 326 102 129 183
47 577 243 213 215
650 291 89 137 160
337 540 33 87 167
501 370 175 122 94
696 734 225 31 148
602 607 206 55 7
342 86 232 177 13
203 577 244 140 164
744 726 227 29 161
745 168 98 106 2
562 647 87 2 27
255 507 163 208 199
528 633 14 190 245
531 291 156 105 115
264 57 111 229 79
398 178 14 143 245
535 760 141 146 212
684 51 220 123 190
548 254 57 2 221
381 620 186 233 213
35 653 166 6 119
750 660 167 56 146
281 386 92 234 139
579 275 187 131 121
485 231 97 235 220
170 193 196 215 144
694 569 86 29 106
480 402 254 146 132
29 723 236 124 37
755 143 103 213 217
756 18 53 77 45
653 368 4 124 140
645 567 227 62 195
40 485 54 99 57
571 269 104 211 72
70 517 29 168 63
241 20 4 167 186
261 180 19 136 187
592 306 180 8 250
484 80 98 53 8
40 262 16 63 70
320 86 186 17 122
115 554 69 125 6
363 490 28 235 197
655 158 203 198 122
506 409 173 65 217
751 520 212 42 154
107 115 110 44 117
351 440 139 87 135
245 764 57 112 2
271 727 105 151 134
479 722 36 71 63
601 578 244 157 180
649 488 224 190 184
292 571 14 89 210
37 549 137 124 179
303 441 242 249 34
378 477 122 36 186
302 677 21 251 92
766 147 163 235 80
147 603 142 252 102
443 623 126 63 208
81 445 44 80 108
499 180 76 108 102
454 764 156 22 96
261 657 150 246 187
636 116 127 215 221
720 28 44 79 235
113 51 237 126 22
8 55 3 6 28
618 402 201 170 197
503 581 78 104 220
47 238 125 248 13
736 153 168 137 242
440 424 226 127 1
726 706 122 1 99
549 181 134 21 148
198 497 16 209 50
286 232 66 107 254
29 668 11 86 192
196 267 6 89 211
342 201 103 54 160
177 467 156 59 174
402 415 187 69 217
183 178 165 203 27
544 531 36 23 10
65 682 77 160 138
14 4 170 133 196
568 358 221 37 8
329 66 78 176 211
126 660 22 105 25
627 430 170 62 17
132 121 208 79 143
261 649 165 3 242
15 745 152 111 82
759 28 121 199 154
21 364 231 165 171
534 202 33 50 27
533 110 98 227 188
361 134 100 147 88
621 221 199 146 134
385 471 168 174 39
331 626 60 95 6
119 284 199 15 26
180 268 113 140 20
397 661 107 247 181
400 341 254 36 77
130 66 134 178 79
380 494 226 5 62
539 712 221 193 219
637 306 209 91 181
70 213 230 177 65
488 526 154 185 47
370 428 98 62 41
20 366 41 11 15
726 635 226 229 40
590 646 31 175 177
168 519 77 81 155
315 637 206 229 228
126 318 140 129 13
441 15 50 95 53
265 135 213 47 194
95 578 110 162 156
570 384 34 2 145
396 547 126 237 91
392 664 46 32 147
562 477 4 243 248
241 416 243 169 48
411 171 175 88 65
523 39 195 130 28
263 56 35 242 243
470 553 145 173 64
480 741 87 100 190
474 26 205 58 21
463 702 25 67 138
303 15 211 207 14
13 225 132 173 126
577 506 204 26 143
201 450 186 102 235
688 557 246 167 33
48 737 217 99 178
412 463 129 28 196
17 74 173 138 168
489 95 53 252 37
54 2 180 38 93
564 496 53 239 231
58 182 194 24 79
669 684 106 136 74
555 98 89 233 129
127 392 162 34 162
