256 100
93 101 165 61 137
198 16 3 110 135
100 97 112 68 71
132 68 164 34 22
94 234 120 249 97
149 92 123 174 249
110 174 249 40 44
40 5 174 90 46
130 119 217 142 212
189 235 179 91 100
143 233 166 204 60
28 69 98 206 185
250 185 177 255 101
148 42 224 78 228
244 76 177 233 236
12 157 105 29 204
235 217 160 199 180
164 27 32 168 193
5 31 19 226 166
169 22 147 168 192
38 194 36 14 9
143 70 109 14 26
85 236 126 54 230
67 235 77 21 108
244 138 24 198 198
105 187 17 83 20
212 71 253 69 207
191 65 65 9 121
201 107 38 67 73
212 249 118 100 255
142 223 28 114 30
224 143 70 161 119
45 126 195 108 22
28 33 77 187 165
76 239 105 155 81
113 205 9 56 187
133 138 235 12 107
223 193 166 130 169
126 135 92 71 10
12 94 72 133 144
63 162 129 90 56
165 208 194 227 60
61 69 16 222 139
144 79 36 136 133
17 96 218 95 15
64 189 209 192 225
224 65 91 133 246
172 15 86 105 16
40 84 167 200 87
127 84 123 69 200
58 47 39 238 203
116 60 119 238 212
249 2 242 203 19
173 189 205 35 79
61 221 150 138 105
164 80 180 174 91
14 26 13 95 29
244 83 27 156 67
152 228 8 74 157
180 1 62 206 121
245 252 21 225 3
183 194 50 216 191
67 240 164 1 244
4 111 41 78 148
149 139 216 80 173
204 49 94 90 65
182 240 4 108 132
196 177 31 75 22
41 253 13 249 237
8 207 178 135 9
70 50 221 26 183
171 209 205 228 138
70 109 141 62 100
73 169 77 111 17
95 28 68 61 102
230 137 46 87 150
111 107 131 15 138
225 214 76 130 20
103 33 195 186 207
20 183 51 174 79
79 18 47 70 88
134 144 195 12 156
169 16 98 121 212
149 233 199 77 40
244 251 80 240 101
108 33 158 125 23
85 30 209 121 117
226 75 244 74 185
32 182 119 137 175
61 2 168 26 190
53 192 120 231 29
51 46 231 147 65
54 154 32 37 28
107 107 161 164 30
74 142 104 19 134
158 110 218 161 133
25 218 198 174 68
9 36 20 153 10
79 38 136 64 67
123 65 206 42 148
