512 250
21 461 5 194 230
272 290 124 92 109
463 364 38 103 184
310 301 69 13 72
138 355 203 83 168
150 361 210 244 84
412 496 147 37 71
432 504 79 32 148
347 482 130 188 191
187 24 80 75 128
142 416 152 106 18
412 282 21 126 110
93 181 221 173 220
111 15 229 240 59
73 121 205 196 65
345 123 31 49 125
498 168 89 190 111
112 371 115 191 17
183 315 238 141 77
399 48 226 116 196
365 119 108 236 195
303 171 13 165 145
466 331 210 162 235
394 31 61 84 240
123 69 3 233 213
189 170 76 51 216
28 374 204 14 92
303 179 95 254 54
143 138 86 235 147
347 103 201 78 90
10 215 70 249 29
277 191 178 12 76
110 250 204 242 138
219 217 117 179 239
93 484 140 147 48
358 239 70 226 177
427 175 234 201 157
43 108 159 223 185
191 42 90 56 170
393 146 223 132 227
387 4 74 28 154
499 356 95 106 90
239 238 193 232 90
319 336 186 1 151
55 446 53 54 238
271 235 19 104 81
7 470 201 16 231
231 138 109 186 14
487 352 73 231 95
486 178 181 61 141
498 221 116 57 169
229 289 61 143 88
431 505 92 146 8
96 24 198 240 124
350 90 112 187 97
17 19 12 62 186
467 362 205 158 164
454 134 80 21 220
451 453 0 194 35
169 422 135 136 236
389 75 181 198 99
354 405 9 242 250
310 7 213 49 68
124 309 53 2 25
148 498 35 84 59
66 470 214 79 169
314 100 204 223 12
114 73 80 60 79
201 176 7 170 54
342 47 24 140 82
120 260 187 1 192
40 245 171 251 63
135 508 97 140 0
390 343 42 103 38
221 197 105 84 55
81 275 157 246 196
445 345 232 215 237
45 171 234 35 222
88 145 246 139 56
103 126 44 225 204
21 337 162 13 31
467 157 185 175 176
86 426 204 231 55
139 299 44 7 39
46 432 234 238 154
383 457 194 231 95
193 45 170 54 192
48 465 119 72 255
136 494 60 219 61
148 147 233 128 135
37 273 189 60 108
284 158 168 173 71
504 489 114 86 56
183 270 83 131 56
243 428 181 148 50
219 254 96 115 225
10 351 221 222 86
349 310 179 83 104
49 300 147 82 148
18 115 82 81 194
182 8 41 98 12
400 309 51 222 207
431 481 92 26 60
369 455 63 158 252
270 85 243 231 138
11 412 246 162 74
341 41 44 18 87
9 96 168 23 157
111 231 214 5 237
137 431 127 77 114
444 11 27 31 13
129 183 147 25 76
247 174 169 176 69
433 378 193 179 172
232 137 6 54 249
368 309 83 51 83
125 353 225 97 27
335 121 185 202 193
89 58 65 240 76
398 319 187 254 19
229 445 112 34 134
443 381 91 125 214
178 133 92 8 60
125 110 198 151 33
459 240 108 237 160
482 432 188 168 1
166 99 43 255 33
220 261 39 152 78
452 16 67 44 115
35 236 249 204 6
138 485 80 178 251
239 326 28 171 203
128 160 187 238 64
333 191 3 178 172
462 438 105 239 93
50 212 194 111 152
23 483 204 149 40
199 107 32 127 97
242 135 213 214 180
357 21 155 109 247
172 504 198 85 210
416 32 164 113 62
68 40 206 193 214
380 10 94 38 192
494 460 234 3 253
216 127 102 190 87
178 256 253 230 178
51 168 138 71 184
408 15 209 95 254
224 140 192 228 176
111 195 109 68 240
87 453 200 210 142
265 405 12 130 130
303 314 128 238 163
341 314 127 48 149
508 196 63 64 124
422 142 51 9 139
460 24 179 2 6
358 309 122 80 87
253 314 56 5 66
489 185 185 219 153
424 13 125 42 220
461 147 39 212 212
66 179 100 234 102
324 243 139 2 94
316 228 72 23 63
17 77 34 71 140
31 500 236 40 129
257 509 86 138 194
15 117 42 249 47
402 393 217 155 203
127 116 124 96 9
412 417 78 4 238
273 483 163 184 27
71 469 188 209 202
47 384 193 205 28
277 7 87 47 131
154 271 37 95 138
408 370 92 134 100
132 432 182 181 64
209 54 208 205 128
277 252 101 31 241
217 154 194 144 60
165 239 46 188 177
495 161 199 75 165
27 460 79 239 214
275 293 92 6 167
99 75 216 110 39
497 366 210 192 223
138 278 29 135 28
233 453 82 143 109
371 194 101 169 243
442 196 21 171 72
331 301 237 204 213
500 303 34 62 152
9 59 141 106 218
369 69 45 153 89
380 428 74 234 20
278 390 228 153 214
254 282 209 253 80
183 415 118 40 133
23 186 218 166 249
463 246 207 140 248
105 239 15 224 184
117 192 177 131 245
406 505 144 218 117
190 387 138 139 163
298 302 81 172 52
223 251 162 152 87
66 500 147 43 239
421 37 87 194 134
118 298 141 89 176
374 501 225 242 172
173 65 25 50 55
153 32 129 70 117
88 266 51 157 209
178 76 42 115 166
151 149 249 34 38
86 222 146 191 82
294 313 155 119 203
81 307 61 219 178
265 143 16 40 96
267 42 77 74 61
496 77 84 236 160
246 8 81 158 75
87 163 197 172 150
144 381 179 182 4
419 415 163 159 77
434 119 185 207 56
230 115 246 98 59
437 138 126 113 119
188 471 64 146 81
294 478 170 87 31
335 149 93 88 5
223 232 214 183 22
236 455 9 4 93
475 373 196 45 174
298 150 110 114 187
292 334 50 165 14
343 322 107 63 212
323 165 87 134 147
411 290 171 175 96
452 355 251 155 40
312 109 229 104 127
345 93 31 118 171
155 239 207 79 54
507 286 23 104 147
18 201 191 83 254
430 223 153 212 224
351 482 156 69 104
